0 0 4.83976e-22 9.65796e-28 1.989e+30
5.79921e+07 0 32850 4.20099e-27 3.285e+23
1.08288e+08 0 35000 4.56648e-26 4.8675e+24
1.49674e+08 0 29783 5.491e-20 5.972e+24
1.49603e+08 384400 1022 6.62789e-17 7.342e+22
2.2796e+08 1.2373e-23 24077 4.62078e-24 6.4171e+23
2.27905e+08 9376 2138 7.73681e-16 1.0659e+16
2.27903e+08 23460 1351.3 5.37453e-16 1.4762e+15
7.78533e+08 0 13070 6.86113e-30 1.8982e+27
1.43402e+09 0 9690 1.09787e-30 5.6834e+26
2.87102e+09 0 6810 1.36914e-31 8.681e+25
4.49501e+09 0 5430 3.56745e-32 1.02413e+26
5.90601e+09 0 4740 1.57249e-32 1.303e+22
