1.00517e-09 3.45619e-16 2.76498e-17 9.0323e-24 1.989e+30
1.12684e+12 3.61158e-14 32850 1.05557e-21 3.285e+23
1.20064e+12 3.92367e-13 35000 1.14679e-20 4.8675e+24
1.02173e+12 4.90169e-07 29783 1.43264e-14 5.972e+24
3.5205e+10 384400 1022 1.95085e-14 7.342e+22
8.26088e+11 1.22317e-10 24077 3.57502e-18 6.4171e+23
7.3563e+10 9376 2138 1.16797e-16 1.0659e+16
4.65786e+10 23460 1351.3 3.62335e-16 1.4762e+15
4.4909e+11 4.71727e-17 13070 1.37794e-24 1.8982e+27
3.33809e+11 2.41085e-19 9690 5.80019e-27 5.6834e+26
2.36459e+11 0 6810 4.12368e-32 8.681e+25
1.90748e+11 0 5430 7.85504e-32 1.02413e+26
1.68492e+11 0 4740 1.13964e-31 1.303e+22
