0 0 4.68681e-22 9.34192e-28 1.989e+30
5.80742e+07 0 32850 4.07088e-27 3.285e+23
1.08375e+08 0 35000 4.42839e-26 4.8675e+24
1.49749e+08 0 29783 4.64669e-20 5.972e+24
1.49605e+08 384400 1022 1.25756e-16 7.342e+22
2.2802e+08 2.26571e-23 24077 3.93492e-24 6.4171e+23
2.27911e+08 9376 2138 7.90638e-16 1.0659e+16
2.27907e+08 23460 1351.3 6.87571e-16 1.4762e+15
7.78565e+08 0 13070 6.64586e-30 1.8982e+27
1.43405e+09 0 9690 1.06351e-30 5.6834e+26
2.87103e+09 0 6810 1.3253e-31 8.681e+25
4.49503e+09 0 5430 3.45593e-32 1.02413e+26
5.90602e+09 0 4740 1.52334e-32 1.303e+22
