0 0 4.67371e-22 9.31996e-28 1.989e+30
5.80414e+07 0 32850 4.0585e-27 3.285e+23
1.0834e+08 0 35000 4.41364e-26 4.8675e+24
1.49719e+08 0 29783 4.93697e-20 5.972e+24
1.49604e+08 384400 1022 1.0307e-16 7.342e+22
2.27996e+08 1.86898e-23 24077 4.08189e-24 6.4171e+23
2.27909e+08 9376 2138 7.87181e-16 1.0659e+16
2.27905e+08 23460 1351.3 6.80138e-16 1.4762e+15
7.78552e+08 0 13070 6.6267e-30 1.8982e+27
1.43404e+09 0 9690 1.06041e-30 5.6834e+26
2.87103e+09 0 6810 1.32142e-31 8.681e+25
4.49502e+09 0 5430 3.44581e-32 1.02413e+26
5.90602e+09 0 4740 1.51888e-32 1.303e+22
