0 0 4.61878e-22 8.74455e-28 1.989e+30
6.1852e+07 0 32850 4.1277e-27 3.285e+23
1.124e+08 0 35000 4.64498e-26 4.8675e+24
1.53174e+08 0 29783 7.55849e-23 5.972e+24
1.49723e+08 384400 1022 3.69369e-16 7.342e+22
2.30789e+08 1.91662e-22 24077 -8.21477e-25 6.4171e+23
2.28157e+08 9376 2138 7.9747e-16 1.0659e+16
2.28062e+08 23460 1351.3 5.87667e-16 1.4762e+15
7.80068e+08 0 13070 6.61398e-30 1.8982e+27
1.43516e+09 0 9690 1.06207e-30 5.6834e+26
2.87182e+09 0 6810 1.32654e-31 8.681e+25
4.49565e+09 0 5430 3.45787e-32 1.02413e+26
5.90657e+09 0 4740 1.52441e-32 1.303e+22
