0 0 4.56394e-22 8.28481e-28 1.989e+30
6.49563e+07 0 32850 4.17181e-27 3.285e+23
1.15708e+08 0 35000 7.90007e-26 4.8675e+24
1.55988e+08 0 29783 1.33552e-23 5.972e+24
1.49819e+08 384400 1022 3.85235e-16 7.342e+22
2.33065e+08 2.61197e-23 24077 1.37784e-24 6.4171e+23
2.28359e+08 9376 2138 7.97578e-16 1.0659e+16
2.2819e+08 23460 1351.3 5.87936e-16 1.4762e+15
7.81304e+08 0 13070 6.58266e-30 1.8982e+27
1.43608e+09 0 9690 1.06004e-30 5.6834e+26
2.87246e+09 0 6810 1.32565e-31 8.681e+25
4.49616e+09 0 5430 3.45669e-32 1.02413e+26
5.90702e+09 0 4740 1.52406e-32 1.303e+22
